# oST version 5.0 parameters


[image]

width
640

height
480

[narrow_stereo]

camera matrix
482.154405 0.000000 296.713072
0.000000 481.268629 263.843251
0.000000 0.000000 1.000000

distortion
0.156810 -0.147541 0.000986 -0.003199 0.000000

rectification
1.000000 0.000000 0.000000
0.000000 1.000000 0.000000
0.000000 0.000000 1.000000

projection
502.221161 0.000000 294.585514 0.000000
0.000000 502.664581 264.466267 0.000000
0.000000 0.000000 1.000000 0.000000
